PL !
LM -70.0 -39.51 170!
PD !
CB -70.0 -39.51 -70.0 -9.02 -70.0 -9.02 -68.96 -9.02!
CB -68.96 -9.02 -68.38 -9.02 -67.93 -8.86 -67.93 -8.61!
CB -67.93 -8.61 -67.93 -8.4 -68.38 -8.19 -68.96 -8.19!
CB -68.96 -8.19 -69.88 -8.19 -70.0 -8.03 -70.0 -6.74!
CB -70.0 -6.74 -70.0 -5.87 -69.79 -5.29 -69.5 -5.29!
CB -69.5 -5.29 -69.13 -5.29 -69.13 -5.16 -69.5 -4.79!
CB -69.5 -4.79 -70.04 -4.25 -70.21 -1.14 -69.67 -1.14!
CB -69.67 -1.14 -69.5 -1.14 -69.13 -1.31 -68.8 -1.51!
CB -68.8 -1.51 -68.38 -1.76 -67.76 -1.68 -66.97 -1.27!
CB -66.97 -1.27 -66.02 -0.77 -65.85 -0.56 -66.31 -0.27!
CB -66.31 -0.27 -66.64 -0.06 -66.68 0.1 -66.47 0.15!
CB -66.47 0.15 -66.23 0.15 -66.97 0.52 -68.13 0.89!
CB -68.13 0.89 -69.96 1.56 -70.08 1.68 -69.25 1.93!
CB -69.25 1.93 -68.76 2.09 -68.42 2.43 -68.55 2.63!
CB -68.55 2.63 -68.71 2.84 -68.34 3.01 -67.76 3.01!
CB -67.76 3.01 -66.35 3.01 -66.23 4.54 -67.59 4.75!
CB -67.59 4.75 -68.96 4.92 -69.05 6.2 -67.76 6.78!
CB -67.76 6.78 -66.23 7.49 -66.43 8.32 -68.34 9.06!
CB -68.34 9.06 -70.0 9.73 -70.0 9.73 -69.96 12.17!
CB -69.96 12.17 -69.88 14.62 -69.75 14.79 -68.26 14.66!
CB -68.26 14.66 -67.84 14.62 -67.51 14.83 -67.55 15.12!
CB -67.55 15.12 -67.64 16.41 -68.22 17.73 -68.67 17.77!
CB -68.67 17.77 -68.96 17.82 -69.34 17.86 -69.59 17.9!
CB -69.59 17.9 -69.79 17.9 -70.0 18.89 -70.0 20.1!
CB -70.0 20.1 -70.0 21.26 -69.88 22.09 -69.71 21.92!
CB -69.71 21.92 -69.54 21.76 -69.38 21.3 -69.38 20.97!
CB -69.38 20.97 -69.38 20.6 -69.13 20.22 -68.8 20.1!
CB -68.8 20.1 -68.38 19.97 -68.3 20.14 -68.42 20.72!
CB -68.42 20.72 -68.55 21.18 -68.47 21.88 -68.26 22.25!
CB -68.26 22.25 -67.97 22.75 -68.09 23.0 -68.88 23.29!
CB -68.88 23.29 -70.29 23.83 -70.37 27.23 -69.0 27.69!
CB -69.0 27.69 -68.13 27.98 -68.13 28.02 -69.05 28.19!
CB -69.05 28.19 -70.0 28.35 -70.41 29.56 -69.59 29.56!
CB -69.59 29.56 -69.29 29.56 -69.29 29.8 -69.54 30.3!
CB -69.54 30.3 -69.79 30.76 -69.96 47.48 -70.0 73.86!
LM -70.04 116.67 150!
LM -17.69 116.67 150!
CB -17.69 116.67 33.45 116.67 34.62 116.67 35.65 115.88!
CB 35.65 115.88 36.19 115.42 37.73 114.84 39.01 114.55!
CB 39.01 114.55 40.3 114.3 44.07 113.18 47.39 112.1!
CB 47.39 112.1 50.71 111.03 53.91 110.03 54.53 109.86!
CB 54.53 109.86 55.15 109.74 56.77 108.95 58.14 108.16!
CB 58.14 108.16 59.51 107.37 60.87 106.71 61.16 106.71!
CB 61.16 106.71 61.5 106.71 61.91 106.55 62.16 106.34!
CB 62.16 106.34 62.37 106.17 64.23 105.76 66.27 105.47!
CB 66.27 105.47 68.34 105.18 70.25 104.76 70.54 104.51!
CB 70.54 104.51 71.2 103.97 75.35 104.47 76.55 105.22!
CB 76.55 105.22 77.05 105.55 78.46 106.09 79.62 106.5!
CB 79.62 106.5 82.36 107.37 88.54 112.06 90.53 114.72!
LM 91.99 116.67 150!
LM 104.31 116.67 150!
LM 116.67 116.67 150!
LM 116.67 84.77 150!
LM 116.67 52.87 150!
LM 114.63 52.58 150!
CB 114.63 52.58 113.1 52.37 112.39 52.04 111.9 51.29!
CB 111.9 51.29 111.52 50.71 111.03 50.3 110.73 50.34!
CB 110.73 50.34 109.61 50.46 109.2 50.25 109.2 49.55!
CB 109.2 49.55 109.16 47.14 106.5 46.52 95.51 46.19!
CB 95.51 46.19 85.02 45.9 84.48 45.94 83.56 47.6!
CB 83.56 47.6 83.19 48.31 82.73 48.93 82.53 48.97!
CB 82.53 48.97 82.36 49.05 82.32 49.26 82.44 49.47!
CB 82.44 49.47 82.57 49.63 82.36 50.01 82.07 50.25!
CB 82.07 50.25 81.57 50.67 81.41 50.38 81.2 48.47!
CB 81.2 48.47 81.03 47.19 80.7 46.15 80.49 46.15!
CB 80.49 46.15 80.25 46.15 80.2 45.86 80.33 45.48!
CB 80.33 45.48 80.62 44.74 79.46 42.83 78.75 42.83!
CB 78.75 42.83 78.05 42.83 76.01 41.83 76.01 41.5!
CB 76.01 41.5 76.01 41.09 71.91 38.68 71.2 38.68!
CB 71.2 38.68 70.79 38.68 70.62 38.93 70.79 39.3!
CB 70.79 39.3 70.91 39.72 70.66 40.01 70.0 40.17!
CB 70.0 40.17 68.84 40.47 68.01 40.05 68.26 39.3!
CB 68.26 39.3 68.63 38.43 65.56 37.64 63.94 38.23!
CB 63.94 38.23 61.62 39.01 58.76 37.69 59.92 36.32!
CB 59.92 36.32 60.92 35.07 60.46 29.6 59.26 28.35!
CB 59.26 28.35 58.63 27.73 58.18 26.73 58.18 26.11!
CB 58.18 26.11 58.18 24.0 53.32 22.79 49.72 24.04!
CB 49.72 24.04 47.89 24.66 47.31 24.7 48.26 24.16!
CB 48.26 24.16 48.72 23.91 48.89 23.25 48.8 22.01!
CB 48.8 22.01 48.76 21.01 48.84 20.01 49.05 19.81!
CB 49.05 19.81 49.22 19.56 49.47 18.73 49.63 17.94!
CB 49.63 17.94 49.92 16.16 51.54 14.62 54.11 13.54!
CB 54.11 13.54 55.23 13.13 56.1 12.63 56.1 12.42!
CB 56.1 12.42 56.1 12.26 56.77 12.13 57.6 12.13!
CB 57.6 12.13 58.39 12.13 60.0 11.72 61.12 11.26!
CB 61.12 11.26 64.03 10.02 68.38 10.35 72.65 12.17!
CB 72.65 12.17 76.14 13.63 76.14 13.67 78.01 16.45!
CB 78.01 16.45 79.25 18.36 79.54 19.23 79.42 20.84!
CB 79.42 20.84 79.42 21.18 79.79 22.01 80.33 22.71!
CB 80.33 22.71 81.61 24.45 83.48 27.9 83.48 28.56!
CB 83.48 28.56 83.48 29.31 83.9 29.31 85.02 28.52!
CB 85.02 28.52 86.3 27.61 86.68 22.3 85.85 17.73!
CB 85.85 17.73 85.39 15.45 85.31 13.88 85.56 12.8!
CB 85.56 12.8 85.8 11.59 85.76 10.93 85.31 10.27!
CB 85.31 10.27 84.6 9.15 84.93 8.03 85.97 8.11!
CB 85.97 8.11 87.13 8.19 89.79 6.2 89.08 5.79!
CB 89.08 5.79 88.58 5.54 88.5 4.54 88.67 0.93!
CB 88.67 0.93 88.75 -1.56 88.67 -3.71 88.5 -3.84!
CB 88.5 -3.84 88.29 -3.96 88.21 -4.42 88.33 -4.83!
CB 88.33 -4.83 88.54 -5.62 83.11 -5.75 80.99 -5.0!
CB 80.99 -5.0 80.66 -4.87 78.71 -4.71 76.64 -4.63!
CB 76.64 -4.63 58.84 -3.96 56.6 -3.67 52.83 -1.8!
CB 52.83 -1.8 51.21 -0.97 49.47 -0.31 48.97 -0.31!
CB 48.97 -0.31 47.81 -0.31 46.6 0.64 45.28 2.59!
CB 45.28 2.59 44.74 3.38 44.07 4.21 43.78 4.46!
CB 43.78 4.46 41.71 6.16 39.64 13.29 40.71 15.0!
CB 40.71 15.0 40.96 15.37 40.88 16.2 40.47 17.19!
CB 40.47 17.19 39.76 18.94 40.17 22.21 41.46 25.32!
CB 41.46 25.32 42.46 27.73 43.29 32.46 42.83 33.25!
CB 42.83 33.25 42.62 33.66 42.5 34.08 42.58 34.16!
CB 42.58 34.16 42.75 34.33 45.24 43.41 45.65 45.24!
CB 45.65 45.24 45.82 46.07 45.69 46.15 43.99 46.15!
CB 43.99 46.15 41.92 46.15 38.97 48.01 37.89 50.01!
CB 37.89 50.01 36.86 51.96 34.12 52.0 34.12 50.05!
CB 34.12 50.05 34.12 48.55 33.45 47.52 32.33 47.23!
CB 32.33 47.23 31.51 47.02 31.34 46.73 31.34 45.44!
CB 31.34 45.44 31.34 44.57 31.26 38.02 31.21 30.84!
CB 31.21 30.84 31.13 17.94 31.13 17.86 30.34 19.02!
CB 30.34 19.02 29.93 19.68 29.68 20.55 29.8 20.97!
CB 29.8 20.97 30.3 22.55 30.05 28.81 29.51 29.18!
CB 29.51 29.18 29.06 29.47 29.1 29.56 29.68 29.56!
CB 29.68 29.56 30.05 29.56 30.39 29.72 30.39 29.97!
CB 30.39 29.97 30.39 30.18 30.22 30.39 29.97 30.39!
CB 29.97 30.39 29.35 30.39 29.47 32.75 30.09 33.04!
CB 30.09 33.04 30.51 33.25 30.51 33.33 30.09 33.54!
CB 30.09 33.54 29.76 33.66 29.56 34.57 29.56 35.78!
CB 29.56 35.78 29.56 36.98 29.35 37.85 29.06 37.98!
CB 29.06 37.98 28.64 38.14 28.64 38.23 29.06 38.23!
CB 29.06 38.23 29.85 38.27 29.64 39.1 28.85 39.14!
CB 28.85 39.14 28.23 39.14 28.23 39.22 28.93 39.51!
CB 28.93 39.51 29.39 39.72 29.51 39.88 29.18 39.88!
CB 29.18 39.88 28.73 39.93 28.73 40.05 29.18 40.59!
CB 29.18 40.59 29.6 41.13 29.6 41.29 29.18 41.59!
CB 29.18 41.59 28.85 41.75 28.77 42.12 28.89 42.37!
CB 28.89 42.37 29.06 42.62 29.02 42.83 28.85 42.83!
CB 28.85 42.83 28.64 42.83 28.48 43.2 28.48 43.66!
CB 28.48 43.66 28.48 44.12 28.77 44.49 29.06 44.49!
CB 29.06 44.49 29.56 44.49 29.56 44.61 29.14 45.11!
CB 29.14 45.11 28.85 45.44 28.77 45.73 28.93 45.73!
CB 28.93 45.73 29.1 45.73 29.02 46.02 28.73 46.36!
CB 28.73 46.36 28.48 46.69 28.35 47.14 28.52 47.39!
CB 28.52 47.39 28.64 47.6 28.56 47.81 28.35 47.81!
CB 28.35 47.81 28.1 47.81 27.9 48.1 27.9 48.43!
CB 27.9 48.43 27.9 48.8 27.52 49.05 26.98 49.05!
CB 26.98 49.05 26.28 49.05 26.2 49.18 26.61 49.43!
CB 26.61 49.43 26.98 49.67 26.82 49.84 25.99 50.01!
CB 25.99 50.01 25.32 50.13 24.37 50.34 23.83 50.5!
CB 23.83 50.5 22.88 50.84 22.84 50.79 23.04 48.06!
CB 23.04 48.06 23.29 44.99 23.21 44.9 20.97 44.86!
CB 20.97 44.86 20.1 44.86 18.19 44.65 16.74 44.36!
CB 16.74 44.36 14.46 43.95 14.04 43.99 13.63 44.57!
CB 13.63 44.57 13.29 45.03 12.92 45.11 12.47 44.86!
CB 12.47 44.86 10.68 43.87 -8.44 44.12 -8.03 45.11!
CB -8.03 45.11 -7.57 46.31 -8.94 46.85 -12.51 46.94!
CB -12.51 46.94 -13.71 46.98 -14.04 47.1 -13.88 47.6!
CB -13.88 47.6 -13.71 47.93 -13.79 48.31 -14.0 48.43!
CB -14.0 48.43 -14.25 48.6 -14.41 49.55 -14.41 50.63!
CB -14.41 50.63 -14.41 53.03 -15.16 54.61 -16.41 54.78!
CB -16.41 54.78 -16.9 54.86 -17.32 54.73 -17.32 54.49!
CB -17.32 54.49 -17.32 54.24 -17.19 54.03 -16.99 54.03!
CB -16.99 54.03 -16.82 54.03 -16.7 51.54 -16.7 48.51!
CB -16.7 48.51 -16.74 45.53 -16.57 42.58 -16.36 42.0!
CB -16.36 42.0 -15.91 40.59 -15.62 37.44 -15.49 31.17!
CB -15.49 31.17 -15.41 28.27 -15.24 25.7 -15.08 25.49!
CB -15.08 25.49 -14.95 25.24 -14.75 23.62 -14.62 21.84!
CB -14.62 21.84 -14.54 20.06 -14.25 18.52 -14.0 18.36!
CB -14.0 18.36 -13.71 18.19 -13.46 16.28 -13.38 13.34!
CB -13.38 13.34 -13.25 8.57 -12.92 6.33 -12.34 6.33!
CB -12.34 6.33 -12.17 6.33 -12.13 5.87 -12.26 5.29!
CB -12.26 5.29 -12.34 4.71 -12.22 3.96 -11.93 3.63!
CB -11.93 3.63 -11.51 3.13 -11.55 3.01 -12.09 3.01!
CB -12.09 3.01 -13.46 3.01 -12.84 0.1 -11.39 -0.44!
CB -11.39 -0.44 -10.97 -0.6 -10.68 -1.06 -10.72 -1.43!
CB -10.72 -1.43 -10.76 -1.85 -10.72 -2.47 -10.56 -2.8!
CB -10.56 -2.8 -9.98 -4.38 -8.73 -16.03 -8.36 -23.54!
CB -8.36 -23.54 -8.28 -25.49 -7.9 -28.44 -7.57 -30.09!
CB -7.57 -30.09 -7.24 -31.75 -6.99 -33.33 -7.07 -33.62!
CB -7.07 -33.62 -7.11 -33.91 -6.66 -34.16 -5.99 -34.24!
CB -5.99 -34.24 -5.37 -34.33 -4.87 -34.2 -4.87 -33.95!
CB -4.87 -33.95 -4.87 -33.7 -4.63 -33.5 -4.33 -33.5!
CB -4.33 -33.5 -4.0 -33.5 -3.42 -33.12 -3.01 -32.67!
CB -3.01 -32.67 -2.34 -31.92 -2.34 -31.84 -2.92 -31.84!
CB -2.92 -31.84 -3.67 -31.84 -3.88 -31.21 -3.26 -30.84!
CB -3.26 -30.84 -2.59 -30.39 -2.47 -28.48 -3.09 -27.85!
CB -3.09 -27.85 -3.67 -27.32 -3.67 -27.19 -3.09 -26.73!
CB -3.09 -26.73 -2.76 -26.44 -2.39 -25.53 -2.26 -24.62!
CB -2.26 -24.62 -1.97 -22.71 -1.72 -22.38 -1.06 -23.04!
CB -1.06 -23.04 -0.77 -23.33 -0.27 -23.54 0.06 -23.5!
CB 0.06 -23.5 0.52 -23.5 0.56 -23.42 0.23 -23.25!
CB 0.23 -23.25 -0.48 -23.0 -0.48 -22.01 0.19 -21.8!
CB 0.19 -21.8 0.56 -21.67 0.52 -21.38 -0.02 -20.89!
CB -0.02 -20.89 -1.06 -19.85 -0.68 -19.68 1.31 -20.22!
CB 1.31 -20.22 3.01 -20.68 3.55 -21.59 2.34 -22.05!
CB 2.34 -22.05 2.01 -22.17 1.85 -22.46 1.97 -22.71!
CB 1.97 -22.71 2.34 -23.33 3.01 -23.21 3.01 -22.5!
CB 3.01 -22.5 3.01 -21.63 5.75 -21.67 6.62 -22.55!
CB 6.62 -22.55 7.69 -23.62 8.07 -22.59 8.03 -18.73!
CB 8.03 -18.73 7.99 -16.24 8.15 -15.0 8.48 -14.71!
CB 8.48 -14.71 8.9 -14.41 8.9 -14.29 8.52 -14.12!
CB 8.52 -14.12 8.11 -14.0 8.15 -13.75 8.65 -13.29!
CB 8.65 -13.29 9.06 -12.88 9.19 -12.26 9.02 -11.64!
CB 9.02 -11.64 8.77 -10.56 10.43 -8.61 11.64 -8.61!
CB 11.64 -8.61 12.51 -8.61 12.17 -9.31 11.22 -9.6!
CB 11.22 -9.6 10.35 -9.85 10.35 -9.89 11.01 -10.31!
CB 11.01 -10.31 11.39 -10.52 11.72 -10.97 11.72 -11.22!
CB 11.72 -11.22 11.72 -11.84 13.17 -13.17 13.83 -13.17!
CB 13.83 -13.17 14.08 -13.17 14.17 -13.54 14.0 -14.0!
CB 14.0 -14.0 13.59 -15.24 14.79 -15.45 16.53 -14.46!
CB 16.53 -14.46 17.65 -13.79 18.19 -13.67 18.52 -14.0!
CB 18.52 -14.0 19.02 -14.5 17.86 -15.66 16.82 -15.66!
CB 16.82 -15.66 16.53 -15.66 16.28 -15.87 16.28 -16.07!
CB 16.28 -16.07 16.28 -16.45 19.02 -16.74 20.43 -16.53!
CB 20.43 -16.53 20.76 -16.45 21.47 -16.41 22.01 -16.41!
CB 22.01 -16.41 22.5 -16.41 22.92 -16.2 22.92 -15.95!
CB 22.92 -15.95 22.92 -15.62 23.04 -15.62 23.37 -15.95!
CB 23.37 -15.95 23.91 -16.49 23.0 -17.73 22.13 -17.73!
CB 22.13 -17.73 21.88 -17.73 21.67 -18.11 21.67 -18.56!
CB 21.67 -18.56 21.67 -19.02 21.92 -19.39 22.25 -19.39!
CB 22.25 -19.39 22.59 -19.39 22.92 -19.77 23.0 -20.26!
CB 23.0 -20.26 23.13 -21.09 23.13 -21.09 23.96 -20.31!
CB 23.96 -20.31 26.2 -18.11 26.78 -16.9 25.57 -16.9!
CB 25.57 -16.9 24.99 -16.9 24.99 -16.78 25.41 -16.28!
CB 25.41 -16.28 25.7 -15.95 26.2 -15.66 26.49 -15.66!
CB 26.49 -15.66 26.82 -15.66 27.07 -15.95 27.07 -16.28!
CB 27.07 -16.28 27.07 -16.61 27.44 -16.9 27.9 -16.9!
CB 27.9 -16.9 28.64 -16.9 28.73 -16.74 28.48 -15.24!
CB 28.48 -15.24 28.31 -14.21 28.35 -13.59 28.64 -13.59!
CB 28.64 -13.59 28.89 -13.59 28.97 -12.96 28.85 -11.97!
CB 28.85 -11.97 28.73 -11.01 28.81 -10.27 29.1 -10.1!
CB 29.1 -10.1 29.64 -9.77 29.72 -7.94 29.18 -7.61!
CB 29.18 -7.61 29.02 -7.49 29.1 -6.45 29.39 -5.33!
CB 29.39 -5.33 29.68 -4.21 29.8 -2.92 29.68 -2.47!
CB 29.68 -2.47 29.6 -2.01 29.68 -1.56 29.89 -1.39!
CB 29.89 -1.39 30.09 -1.27 30.22 0.48 30.09 2.59!
CB 30.09 2.59 30.01 4.92 30.14 6.33 30.39 6.33!
CB 30.39 6.33 30.59 6.33 30.8 6.74 30.84 7.24!
CB 30.84 7.24 30.97 10.72 31.59 4.63 31.84 -2.3!
CB 31.84 -2.3 32.0 -6.78 32.25 -12.05 32.42 -14.0!
CB 32.42 -14.0 32.58 -15.95 32.58 -18.02 32.42 -18.69!
CB 32.42 -18.69 32.25 -19.31 32.25 -20.35 32.46 -21.01!
CB 32.46 -21.01 32.63 -21.67 32.75 -23.21 32.67 -24.41!
CB 32.67 -24.41 32.58 -25.82 32.79 -27.15 33.21 -28.06!
CB 33.21 -28.06 33.7 -29.14 33.75 -29.6 33.37 -30.22!
CB 33.37 -30.22 31.8 -32.75 32.79 -33.83 36.61 -33.7!
CB 36.61 -33.7 38.64 -33.62 39.51 -33.79 40.26 -34.37!
CB 40.26 -34.37 40.76 -34.74 41.96 -35.2 42.87 -35.36!
CB 42.87 -35.36 43.78 -35.53 44.65 -35.9 44.74 -36.19!
CB 44.74 -36.19 44.86 -36.48 45.61 -36.73 46.36 -36.73!
CB 46.36 -36.73 47.14 -36.73 47.93 -36.81 48.14 -36.94!
CB 48.14 -36.94 48.31 -37.11 49.01 -36.9 49.63 -36.57!
CB 49.63 -36.57 51.37 -35.69 52.79 -35.82 52.79 -36.81!
CB 52.79 -36.81 52.79 -37.31 52.49 -37.64 52.04 -37.64!
CB 52.04 -37.64 51.46 -37.64 51.33 -37.93 51.46 -39.43!
CB 51.46 -39.43 51.62 -41.5 50.75 -42.71 49.67 -41.79!
CB 49.67 -41.79 49.22 -41.42 49.18 -41.09 49.51 -40.47!
CB 49.51 -40.47 50.21 -39.1 49.63 -37.48 48.51 -37.85!
CB 48.51 -37.85 48.01 -38.02 47.06 -38.18 46.44 -38.18!
CB 46.44 -38.18 45.82 -38.23 45.15 -38.47 44.99 -38.68!
CB 44.99 -38.68 44.82 -38.93 44.2 -39.35 43.58 -39.59!
CB 43.58 -39.59 42.87 -39.93 42.41 -40.42 42.46 -40.84!
CB 42.46 -40.84 42.5 -41.5 42.54 -41.5 42.71 -40.88!
CB 42.71 -40.88 42.91 -40.01 44.99 -39.26 45.77 -39.76!
CB 45.77 -39.76 46.27 -40.05 46.27 -40.13 45.73 -40.13!
CB 45.73 -40.13 44.2 -40.17 41.88 -43.41 43.37 -43.45!
CB 43.37 -43.45 44.61 -43.49 46.31 -45.4 45.36 -45.73!
CB 45.36 -45.73 44.32 -46.02 43.66 -45.73 43.66 -44.86!
CB 43.66 -44.86 43.66 -44.53 43.41 -44.28 43.12 -44.28!
CB 43.12 -44.28 42.83 -44.28 42.25 -43.74 41.88 -43.08!
CB 41.88 -43.08 41.46 -42.37 40.8 -41.75 40.38 -41.59!
CB 40.38 -41.59 39.97 -41.46 39.51 -40.96 39.39 -40.55!
CB 39.39 -40.55 39.26 -40.09 38.97 -39.72 38.68 -39.72!
CB 38.68 -39.72 38.43 -39.72 38.35 -39.88 38.47 -40.13!
CB 38.47 -40.13 38.64 -40.38 38.35 -40.38 37.6 -40.13!
CB 37.6 -40.13 36.98 -39.88 36.44 -39.76 36.4 -39.8!
CB 36.4 -39.8 35.69 -40.71 35.36 -41.96 35.74 -42.33!
CB 35.74 -42.33 36.07 -42.66 36.19 -42.66 36.19 -42.29!
CB 36.19 -42.29 36.19 -42.04 36.48 -41.92 36.86 -42.08!
CB 36.86 -42.08 37.23 -42.21 37.69 -42.08 37.89 -41.75!
CB 37.89 -41.75 38.14 -41.34 38.27 -41.5 38.27 -42.33!
CB 38.27 -42.33 38.27 -43.12 38.47 -43.45 39.01 -43.49!
CB 39.01 -43.49 39.51 -43.49 39.39 -43.62 38.68 -43.91!
CB 38.68 -43.91 36.19 -44.9 34.99 -47.02 36.94 -46.94!
CB 36.94 -46.94 38.56 -46.89 39.51 -46.36 39.51 -45.53!
CB 39.51 -45.53 39.51 -45.03 39.76 -44.82 40.26 -44.9!
CB 40.26 -44.9 40.63 -44.99 41.21 -45.07 41.5 -45.07!
CB 41.5 -45.07 42.08 -45.11 42.21 -46.77 41.59 -46.77!
CB 41.59 -46.77 40.8 -46.77 41.17 -48.51 41.96 -48.72!
CB 41.96 -48.72 42.71 -48.89 43.24 -49.96 43.24 -51.21!
CB 43.24 -51.21 43.24 -51.5 42.95 -51.62 42.62 -51.5!
CB 42.62 -51.5 42.04 -51.25 41.75 -52.2 41.96 -53.53!
CB 41.96 -53.53 42.12 -54.65 37.35 -52.91 36.65 -51.62!
CB 36.65 -51.62 35.9 -50.3 32.17 -50.21 30.88 -51.46!
CB 30.88 -51.46 29.89 -52.49 30.68 -53.08 32.04 -52.37!
CB 32.04 -52.37 33.41 -51.67 36.19 -51.54 36.19 -52.16!
CB 36.19 -52.16 36.19 -52.41 35.45 -52.58 34.53 -52.58!
CB 34.53 -52.58 33.62 -52.58 32.87 -52.74 32.87 -52.95!
CB 32.87 -52.95 32.87 -53.57 33.75 -53.7 36.61 -53.53!
CB 36.61 -53.53 38.1 -53.49 39.05 -53.53 38.81 -53.66!
CB 38.81 -53.66 37.93 -54.07 38.18 -54.44 39.76 -55.03!
CB 39.76 -55.03 41.05 -55.48 41.34 -55.48 42.04 -54.82!
CB 42.04 -54.82 42.79 -54.15 42.83 -54.15 42.83 -54.98!
CB 42.83 -54.98 42.83 -55.48 42.58 -55.9 42.33 -55.9!
CB 42.33 -55.9 42.04 -55.9 41.5 -56.77 41.17 -57.89!
CB 41.17 -57.89 40.71 -59.26 40.34 -59.84 39.84 -59.8!
CB 39.84 -59.8 39.43 -59.75 39.22 -59.88 39.35 -60.09!
CB 39.35 -60.09 39.47 -60.29 39.18 -60.46 38.72 -60.46!
CB 38.72 -60.46 37.64 -60.46 37.6 -60.83 38.6 -61.54!
CB 38.6 -61.54 39.26 -62.04 39.26 -62.08 38.52 -62.37!
CB 38.52 -62.37 38.06 -62.53 37.64 -62.45 37.4 -62.08!
CB 37.4 -62.08 37.15 -61.62 37.02 -61.75 37.02 -62.45!
CB 37.02 -62.45 37.02 -62.95 37.23 -63.36 37.44 -63.36!
CB 37.44 -63.36 38.14 -63.36 37.89 -64.23 36.61 -66.35!
CB 36.61 -66.35 35.94 -67.43 35.36 -68.71 35.36 -69.17!
CB 35.36 -69.17 35.36 -70.0 34.95 -70.0 -17.32 -70.0!
LM -70.0 -70.0 150!
LM -70.0 -39.51 150!
PL !
LM -70.0 -39.51 170!
PD !
CB 33.7 -54.65 33.7 -53.7 32.92 -53.41 30.26 -53.41!
CB 30.26 -53.41 28.39 -53.45 28.19 -53.49 28.85 -53.99!
CB 28.85 -53.99 29.22 -54.28 29.56 -54.73 29.56 -54.98!
CB 29.56 -54.98 29.56 -55.4 32.67 -55.85 33.41 -55.56!
CB 33.41 -55.56 33.58 -55.48 33.7 -55.11 33.7 -54.65!
PL !
LM 33.7 -54.65 170!
PD !
CB 39.51 -50.67 39.51 -50.13 38.14 -47.6 37.89 -47.6!
CB 37.89 -47.6 37.52 -47.6 36.4 -49.63 36.65 -49.76!
CB 36.65 -49.76 38.14 -50.67 38.56 -50.88 39.01 -50.88!
CB 39.01 -50.88 39.26 -50.92 39.51 -50.79 39.51 -50.67!
PL !
LM 39.51 -50.67 170!
PD !
CB 29.97 -33.45 29.51 -33.12 29.72 -33.08 30.8 -33.25!
CB 30.8 -33.25 31.92 -33.45 32.13 -33.41 31.71 -33.0!
CB 31.71 -33.0 31.42 -32.71 30.14 -32.46 28.73 -32.46!
CB 28.73 -32.46 27.36 -32.46 26.24 -32.33 26.24 -32.17!
CB 26.24 -32.17 26.24 -31.67 22.96 -31.92 22.79 -32.42!
CB 22.79 -32.42 22.67 -32.75 23.04 -32.83 24.0 -32.75!
CB 24.0 -32.75 24.79 -32.67 25.7 -32.79 26.03 -33.08!
CB 26.03 -33.08 26.36 -33.37 27.07 -33.5 27.56 -33.37!
CB 27.56 -33.37 28.1 -33.21 28.81 -33.29 29.14 -33.5!
CB 29.14 -33.5 30.01 -34.04 30.72 -33.99 29.97 -33.45!
PL !
LM 29.97 -33.45 170!
PD !
CB 7.86 -28.97 7.74 -28.31 7.82 -27.61 8.11 -27.27!
CB 8.11 -27.27 8.48 -26.9 8.44 -26.82 7.78 -26.94!
CB 7.78 -26.94 6.78 -27.11 6.53 -30.18 7.53 -30.18!
CB 7.53 -30.18 7.94 -30.18 8.03 -29.85 7.86 -28.97!
PL !
LM 7.86 -28.97 170!
PD !
CB 8.15 -23.91 7.69 -23.17 6.33 -23.5 6.33 -24.37!
CB 6.33 -24.37 6.33 -24.83 6.53 -25.2 6.74 -25.2!
CB 6.74 -25.2 6.99 -25.2 7.16 -25.53 7.16 -25.95!
CB 7.16 -25.95 7.16 -26.4 7.36 -26.28 7.78 -25.45!
CB 7.78 -25.45 8.11 -24.83 8.28 -24.12 8.15 -23.91!
PL !
LM 8.15 -23.91 170!
PD !
CB 29.68 -19.85 29.35 -18.56 28.31 -18.4 28.31 -19.6!
CB 28.31 -19.6 28.31 -20.35 28.52 -20.64 29.1 -20.64!
CB 29.1 -20.64 29.68 -20.64 29.85 -20.43 29.68 -19.85!
PL !
LM 29.68 -19.85 170!
PD !
CB 12.47 -15.12 12.55 -13.79 12.42 -13.59 11.68 -13.59!
CB 11.68 -13.59 11.05 -13.59 10.89 -13.75 11.05 -14.25!
CB 11.05 -14.25 11.18 -14.62 11.3 -15.37 11.3 -15.95!
CB 11.3 -15.95 11.3 -17.57 12.3 -16.86 12.47 -15.12!
PL !
LM 12.47 -15.12 170!
PD !
CB -30.3 -10.72 -30.43 -10.14 -30.34 -9.98 -29.93 -10.14!
CB -29.93 -10.14 -29.18 -10.43 -29.18 -9.31 -29.85 -8.19!
CB -29.85 -8.19 -30.3 -7.49 -30.26 -7.28 -29.76 -6.95!
CB -29.76 -6.95 -29.22 -6.62 -29.27 -6.53 -29.85 -6.53!
CB -29.85 -6.53 -30.84 -6.53 -30.8 -5.41 -29.76 -4.87!
CB -29.76 -4.87 -28.77 -4.33 -28.68 -3.63 -29.64 -3.63!
CB -29.64 -3.63 -30.18 -3.63 -30.22 -3.51 -29.85 -3.13!
CB -29.85 -3.13 -29.06 -2.34 -29.35 3.3 -30.14 2.8!
CB -30.14 2.8 -30.3 2.72 -30.43 3.05 -30.43 3.55!
CB -30.43 3.55 -30.39 4.38 -29.27 5.45 -28.35 5.5!
CB -28.35 5.5 -28.19 5.5 -28.1 4.92 -28.19 4.25!
CB -28.19 4.25 -28.31 3.55 -28.23 3.01 -28.02 3.01!
CB -28.02 3.01 -27.85 3.01 -27.69 2.01 -27.69 0.77!
CB -27.69 0.77 -27.69 -0.48 -27.52 -1.64 -27.27 -1.76!
CB -27.27 -1.76 -27.07 -1.89 -26.9 -2.84 -26.94 -3.84!
CB -26.94 -3.84 -27.03 -5.7 -26.03 -7.49 -25.32 -6.78!
CB -25.32 -6.78 -25.16 -6.62 -25.28 -6.33 -25.61 -6.08!
CB -25.61 -6.08 -26.15 -5.75 -26.07 -5.58 -25.2 -4.92!
CB -25.2 -4.92 -24.41 -4.25 -24.29 -4.0 -24.7 -3.51!
CB -24.7 -3.51 -25.32 -2.8 -24.95 -1.56 -24.12 -1.56!
CB -24.12 -1.56 -23.79 -1.56 -23.54 -1.31 -23.54 -0.97!
CB -23.54 -0.97 -23.54 -0.64 -23.29 -0.27 -23.0 -0.19!
CB -23.0 -0.19 -22.63 -0.02 -22.67 0.15 -23.13 0.48!
CB -23.13 0.48 -23.62 0.81 -23.46 0.93 -22.38 0.93!
CB -22.38 0.93 -21.3 0.93 -21.05 0.77 -20.97 -0.02!
CB -20.97 -0.02 -20.93 -0.52 -20.89 -1.22 -20.8 -1.56!
CB -20.8 -1.56 -20.76 -1.89 -20.72 -2.43 -20.68 -2.72!
CB -20.68 -2.72 -20.64 -2.97 -20.47 -3.21 -20.22 -3.21!
CB -20.22 -3.21 -19.97 -3.21 -19.93 -1.06 -20.06 2.68!
CB -20.06 2.68 -20.22 5.95 -20.35 9.31 -20.35 10.14!
CB -20.35 10.14 -20.35 11.01 -20.55 11.72 -20.8 11.72!
CB -20.8 11.72 -21.05 11.72 -21.01 11.88 -20.68 12.09!
CB -20.68 12.09 -20.26 12.38 -20.22 12.63 -20.64 13.38!
CB -20.64 13.38 -20.89 13.88 -20.97 14.58 -20.8 14.95!
CB -20.8 14.95 -20.51 15.7 -20.51 16.9 -20.89 24.99!
CB -20.89 24.99 -20.97 27.61 -21.18 32.75 -21.3 36.4!
CB -21.3 36.4 -21.43 40.05 -21.55 44.32 -21.63 45.94!
CB -21.63 45.94 -21.67 47.52 -21.76 49.8 -21.8 50.96!
CB -21.8 50.96 -21.84 52.29 -22.13 53.32 -22.63 53.86!
CB -22.63 53.86 -23.04 54.28 -23.5 54.98 -23.67 55.36!
CB -23.67 55.36 -24.45 57.51 -25.74 56.15 -25.37 53.49!
CB -25.37 53.49 -25.2 52.08 -24.99 50.09 -24.95 49.05!
CB -24.95 49.05 -24.83 45.94 -24.37 40.63 -24.16 39.1!
CB -24.16 39.1 -24.04 38.31 -23.83 35.86 -23.71 33.7!
CB -23.71 33.7 -23.58 31.55 -23.33 28.81 -23.13 27.69!
CB -23.13 27.69 -22.67 24.83 -23.5 19.77 -24.12 21.72!
CB -24.12 21.72 -24.66 23.46 -25.24 28.02 -25.03 28.89!
CB -25.03 28.89 -24.91 29.43 -24.95 29.97 -25.2 30.05!
CB -25.2 30.05 -25.57 30.18 -25.86 32.5 -26.2 38.89!
CB -26.2 38.89 -26.28 40.71 -26.4 42.21 -26.44 42.21!
CB -26.44 42.21 -26.69 42.21 -26.94 44.12 -26.9 45.48!
CB -26.9 45.48 -26.9 46.4 -27.03 47.31 -27.23 47.56!
CB -27.23 47.56 -27.44 47.81 -27.73 49.59 -27.85 51.54!
CB -27.85 51.54 -28.1 54.78 -28.39 56.35 -29.14 58.84!
CB -29.14 58.84 -29.31 59.34 -29.22 60.13 -28.97 60.63!
CB -28.97 60.63 -28.02 62.37 -29.93 61.25 -31.17 59.34!
CB -31.17 59.34 -32.17 57.85 -31.75 55.9 -30.59 56.23!
CB -30.59 56.23 -29.56 56.52 -29.56 56.44 -30.8 55.11!
CB -30.8 55.11 -32.5 53.28 -33.66 53.61 -33.33 55.9!
CB -33.33 55.9 -33.0 57.97 -33.21 58.09 -35.53 57.31!
CB -35.53 57.31 -36.44 56.97 -36.77 56.64 -36.65 56.23!
CB -36.65 56.23 -36.52 55.9 -36.61 55.77 -36.81 55.9!
CB -36.81 55.9 -37.06 56.06 -37.23 55.61 -37.23 54.9!
CB -37.23 54.9 -37.23 54.15 -36.94 53.49 -36.48 53.24!
CB -36.48 53.24 -35.9 52.87 -35.9 52.74 -36.36 52.41!
CB -36.36 52.41 -36.69 52.2 -36.81 51.75 -36.61 51.13!
CB -36.61 51.13 -36.44 50.55 -36.52 50.09 -36.81 49.88!
CB -36.81 49.88 -37.19 49.63 -37.06 49.47 -36.44 49.26!
CB -36.44 49.26 -35.32 48.93 -35.32 48.43 -36.48 47.6!
CB -36.48 47.6 -37.44 46.94 -37.44 46.94 -36.65 46.36!
CB -36.65 46.36 -36.19 46.02 -36.07 45.73 -36.32 45.73!
CB -36.32 45.73 -36.61 45.73 -36.81 45.19 -36.81 44.49!
CB -36.81 44.49 -36.81 43.78 -36.61 43.24 -36.28 43.24!
CB -36.28 43.24 -35.9 43.24 -35.94 43.12 -36.36 42.87!
CB -36.36 42.87 -36.81 42.58 -36.81 42.33 -36.36 41.54!
CB -36.36 41.54 -36.03 40.96 -35.86 39.47 -35.94 37.85!
CB -35.94 37.85 -36.03 35.24 -34.57 22.63 -34.16 22.21!
CB -34.16 22.21 -34.04 22.09 -34.12 21.63 -34.37 21.18!
CB -34.37 21.18 -34.62 20.72 -34.66 20.06 -34.49 19.68!
CB -34.49 19.68 -34.16 18.94 -34.04 17.53 -33.66 11.1!
CB -33.66 11.1 -33.5 8.69 -33.21 6.82 -32.92 6.62!
CB -32.92 6.62 -32.58 6.41 -32.63 6.24 -33.04 5.95!
CB -33.04 5.95 -33.41 5.7 -33.54 5.16 -33.33 4.21!
CB -33.33 4.21 -32.67 0.89 -32.46 -0.97 -32.09 -6.53!
CB -32.09 -6.53 -31.75 -11.14 -31.67 -11.51 -30.76 -11.51!
CB -30.76 -11.51 -30.3 -11.51 -30.14 -11.26 -30.3 -10.72!
PL !
LM -30.3 -10.72 170!
PD !
CB -15.66 -2.84 -15.78 -2.26 -16.16 -1.72 -16.49 -1.64!
CB -16.49 -1.64 -17.03 -1.43 -16.82 -4.42 -16.2 -5.45!
CB -16.2 -5.45 -15.78 -6.12 -15.37 -4.0 -15.66 -2.84!
PL !
LM -15.66 -2.84 170!
PD !
CB -36.23 -2.63 -36.73 -0.44 -36.81 0.6 -36.86 4.33!
CB -36.86 4.33 -36.9 7.78 -37.4 8.98 -38.23 7.61!
CB -38.23 7.61 -38.76 6.74 -38.31 -0.35 -37.6 -1.64!
CB -37.6 -1.64 -37.4 -2.01 -37.23 -2.92 -37.23 -3.67!
CB -37.23 -3.67 -37.23 -4.79 -37.15 -4.92 -36.61 -4.46!
CB -36.61 -4.46 -36.11 -4.04 -36.03 -3.55 -36.23 -2.63!
PL !
LM -36.23 -2.63 170!
PD !
CB -57.85 -3.46 -57.56 -2.76 -57.89 -2.39 -58.72 -2.39!
CB -58.72 -2.39 -59.05 -2.39 -59.21 -2.63 -59.09 -2.97!
CB -59.09 -2.97 -58.97 -3.3 -59.05 -3.67 -59.34 -3.8!
CB -59.34 -3.8 -59.63 -3.88 -59.42 -4.0 -58.97 -4.0!
CB -58.97 -4.0 -58.47 -4.04 -57.97 -3.8 -57.85 -3.46!
PL !
LM -57.85 -3.46 170!
PD !
CB -58.84 -1.02 -59.21 -0.31 -59.17 -0.06 -58.39 0.52!
CB -58.39 0.52 -57.47 1.22 -57.47 4.13 -58.43 5.95!
CB -58.43 5.95 -58.63 6.33 -58.59 6.78 -58.3 7.07!
CB -58.3 7.07 -57.68 7.69 -58.26 8.36 -59.21 8.11!
CB -59.21 8.11 -59.67 7.99 -60.04 8.07 -60.04 8.32!
CB -60.04 8.32 -60.04 8.57 -59.63 8.81 -59.09 8.9!
CB -59.09 8.9 -58.09 9.02 -57.89 16.65 -58.84 18.4!
CB -58.84 18.4 -59.05 18.81 -59.09 19.39 -58.97 19.72!
CB -58.97 19.72 -58.84 20.06 -58.92 20.47 -59.17 20.64!
CB -59.17 20.64 -59.84 21.01 -59.75 22.55 -59.05 23.08!
CB -59.05 23.08 -58.3 23.67 -58.63 26.24 -59.46 26.24!
CB -59.46 26.24 -59.8 26.24 -60.04 26.03 -60.04 25.82!
CB -60.04 25.82 -60.04 25.57 -60.33 25.41 -60.67 25.41!
CB -60.67 25.41 -61.0 25.41 -61.29 25.7 -61.29 26.03!
CB -61.29 26.03 -61.29 26.4 -61.75 26.9 -62.33 27.15!
CB -62.33 27.15 -63.99 27.9 -63.65 28.73 -61.79 28.44!
CB -61.79 28.44 -60.96 28.31 -60.13 28.02 -60.0 27.77!
CB -60.0 27.77 -59.59 27.19 -58.8 27.81 -58.8 28.73!
CB -58.8 28.73 -58.8 29.14 -59.09 29.68 -59.51 29.89!
CB -59.51 29.89 -60.0 30.18 -60.09 30.59 -59.92 31.59!
CB -59.92 31.59 -59.67 32.75 -59.75 32.87 -60.71 32.87!
CB -60.71 32.87 -61.25 32.87 -61.83 33.16 -61.99 33.54!
CB -61.99 33.54 -62.2 34.08 -62.28 34.08 -62.57 33.62!
CB -62.57 33.62 -62.87 33.21 -62.95 33.25 -62.95 33.79!
CB -62.95 33.79 -62.95 34.24 -63.16 34.41 -63.57 34.28!
CB -63.57 34.28 -64.77 33.79 -64.32 32.46 -63.03 32.71!
CB -63.03 32.71 -61.66 33.0 -61.12 31.01 -62.45 30.51!
CB -62.45 30.51 -63.9 29.93 -64.19 29.35 -63.69 27.73!
CB -63.69 27.73 -63.45 26.9 -63.07 26.24 -62.87 26.24!
CB -62.87 26.24 -62.41 26.24 -60.87 24.66 -60.87 24.2!
CB -60.87 24.2 -60.87 24.0 -61.45 23.62 -62.2 23.29!
CB -62.2 23.29 -63.49 22.75 -63.49 22.75 -62.41 22.38!
CB -62.41 22.38 -61.29 22.01 -61.29 22.01 -62.33 20.76!
CB -62.33 20.76 -63.16 19.77 -63.28 19.39 -62.91 18.94!
CB -62.91 18.94 -62.33 18.23 -61.29 18.15 -61.29 18.81!
CB -61.29 18.81 -61.29 19.14 -61.08 19.14 -60.67 18.77!
CB -60.67 18.77 -59.84 18.11 -59.88 17.48 -60.71 17.82!
CB -60.71 17.82 -61.12 17.98 -61.41 17.77 -61.58 17.15!
CB -61.58 17.15 -61.7 16.7 -61.95 16.28 -62.2 16.28!
CB -62.2 16.28 -62.41 16.28 -62.37 15.95 -62.12 15.49!
CB -62.12 15.49 -61.91 15.04 -61.75 13.96 -61.79 13.09!
CB -61.79 13.09 -61.91 11.64 -61.83 11.51 -60.83 11.51!
CB -60.83 11.51 -60.0 11.51 -59.8 11.35 -59.96 10.81!
CB -59.96 10.81 -60.04 10.39 -60.33 10.06 -60.54 10.06!
CB -60.54 10.06 -60.75 10.06 -60.83 9.89 -60.67 9.69!
CB -60.67 9.69 -60.54 9.48 -60.63 9.19 -60.87 9.02!
CB -60.87 9.02 -61.12 8.86 -61.16 8.57 -61.04 8.32!
CB -61.04 8.32 -60.87 8.03 -60.96 7.99 -61.21 8.15!
CB -61.21 8.15 -61.45 8.32 -61.58 8.69 -61.41 9.02!
CB -61.41 9.02 -61.29 9.35 -61.37 9.64 -61.58 9.64!
CB -61.58 9.64 -62.7 9.64 -61.83 4.58 -60.54 3.88!
CB -60.54 3.88 -60.0 3.55 -59.96 3.38 -60.42 2.84!
CB -60.42 2.84 -61.45 1.6 -60.67 -2.3 -59.42 -2.05!
CB -59.42 -2.05 -58.55 -1.89 -58.47 -1.76 -58.84 -1.02!
PL !
LM -58.84 -1.02 170!
PD !
CB 81.82 2.8 81.82 3.96 81.32 4.13 80.58 3.21!
CB 80.58 3.21 80.0 2.55 80.33 1.76 81.24 1.76!
CB 81.24 1.76 81.57 1.76 81.82 2.18 81.82 2.8!
PL !
LM 81.82 2.8 170!
PD !
CB -15.99 4.96 -15.87 8.69 -16.28 17.9 -16.78 22.09!
CB -16.78 22.09 -16.99 23.58 -17.11 26.57 -17.11 28.73!
CB -17.11 28.73 -17.11 30.88 -17.24 32.75 -17.4 32.87!
CB -17.4 32.87 -17.57 33.0 -17.82 35.24 -17.9 37.77!
CB -17.9 37.77 -18.02 40.34 -18.23 42.62 -18.36 42.83!
CB -18.36 42.83 -18.48 43.0 -18.56 44.24 -18.6 45.61!
CB -18.6 45.61 -18.65 48.8 -19.02 51.17 -19.35 50.17!
CB -19.35 50.17 -20.14 47.93 -18.65 10.52 -17.69 8.73!
CB -17.69 8.73 -17.48 8.36 -17.44 7.74 -17.57 7.4!
CB -17.57 7.4 -18.02 6.28 -17.32 3.01 -16.65 3.01!
CB -16.65 3.01 -16.24 3.01 -16.07 3.59 -15.99 4.96!
PL !
LM -15.99 4.96 170!
PD !
CB -41.17 6.62 -41.25 7.28 -41.34 7.9 -41.34 8.07!
CB -41.34 8.07 -41.42 8.69 -42.21 8.4 -42.21 7.74!
CB -42.21 7.74 -42.21 7.07 -41.5 5.5 -41.17 5.5!
CB -41.17 5.5 -41.09 5.5 -41.09 5.99 -41.17 6.62!
PL !
LM -41.17 6.62 170!
PD !
CB -36.81 9.02 -36.81 9.11 -37.02 9.69 -37.31 10.27!
CB -37.31 10.27 -37.64 11.05 -37.64 11.55 -37.31 12.38!
CB -37.31 12.38 -36.94 13.09 -36.94 13.67 -37.23 14.21!
CB -37.23 14.21 -37.48 14.62 -37.73 16.7 -37.85 18.73!
CB -37.85 18.73 -38.1 24.08 -38.93 26.32 -39.59 23.71!
CB -39.59 23.71 -39.76 23.04 -39.93 23.0 -40.17 23.42!
CB -40.17 23.42 -40.47 23.83 -40.55 23.83 -40.55 23.42!
CB -40.55 23.42 -40.55 23.17 -41.0 22.92 -41.59 22.92!
CB -41.59 22.92 -42.25 22.92 -42.62 23.17 -42.62 23.54!
CB -42.62 23.54 -42.62 23.87 -42.79 24.16 -43.04 24.16!
CB -43.04 24.16 -43.66 24.16 -43.53 23.37 -42.87 22.67!
CB -42.87 22.67 -42.54 22.34 -41.96 22.21 -41.63 22.34!
CB -41.63 22.34 -41.25 22.46 -40.96 22.38 -40.96 22.13!
CB -40.96 22.13 -40.96 21.88 -40.55 21.3 -40.01 20.84!
CB -40.01 20.84 -38.72 19.72 -38.93 17.4 -40.38 16.74!
CB -40.38 16.74 -41.25 16.36 -41.38 16.41 -41.63 17.32!
CB -41.63 17.32 -41.92 18.52 -41.54 19.23 -40.76 18.89!
CB -40.76 18.89 -40.42 18.77 -40.13 18.89 -40.13 19.14!
CB -40.13 19.14 -40.13 19.39 -40.67 19.6 -41.34 19.6!
CB -41.34 19.6 -42.66 19.6 -43.16 17.57 -42.58 14.79!
CB -42.58 14.79 -42.37 13.88 -42.29 13.79 -42.25 14.5!
CB -42.25 14.5 -42.21 15.62 -41.54 16.07 -41.21 15.2!
CB -41.21 15.2 -41.09 14.87 -40.76 14.71 -40.51 14.83!
CB -40.51 14.83 -40.26 15.0 -40.17 15.37 -40.3 15.66!
CB -40.3 15.66 -40.38 15.95 -40.22 16.32 -39.88 16.45!
CB -39.88 16.45 -39.47 16.61 -39.3 16.36 -39.3 15.62!
CB -39.3 15.62 -39.3 15.04 -39.47 14.71 -39.72 14.83!
CB -39.72 14.83 -39.93 14.95 -40.13 14.71 -40.13 14.29!
CB -40.13 14.29 -40.13 13.83 -40.51 13.38 -40.96 13.25!
CB -40.96 13.25 -41.42 13.13 -41.79 12.8 -41.79 12.47!
CB -41.79 12.47 -41.79 12.01 -41.71 12.01 -41.42 12.47!
CB -41.42 12.47 -41.25 12.8 -40.63 12.96 -40.09 12.88!
CB -40.09 12.88 -38.81 12.71 -38.47 10.97 -39.59 10.18!
CB -39.59 10.18 -40.22 9.69 -40.26 9.56 -39.72 9.23!
CB -39.72 9.23 -39.1 8.81 -36.81 8.65 -36.81 9.02!
PL !
LM -36.81 9.02 170!
PD !
CB -67.64 12.38 -67.3 13.21 -67.97 13.88 -68.71 13.42!
CB -68.71 13.42 -69.34 13.0 -69.05 11.72 -68.34 11.72!
CB -68.34 11.72 -68.09 11.72 -67.8 12.01 -67.64 12.38!
PL !
LM -67.64 12.38 170!
PD !
CB -42.08 29.14 -41.63 29.72 -41.46 30.34 -41.63 31.01!
CB -41.63 31.01 -41.96 32.29 -42.46 32.33 -42.75 31.09!
CB -42.75 31.09 -42.87 30.59 -43.12 29.76 -43.24 29.22!
CB -43.24 29.22 -43.62 28.1 -43.04 28.02 -42.08 29.14!
PL !
LM -42.08 29.14 170!
PD !
CB -39.22 33.87 -39.3 34.04 -39.55 33.95 -39.76 33.66!
CB -39.76 33.66 -40.01 33.25 -40.13 33.41 -40.13 34.2!
CB -40.13 34.2 -40.13 34.78 -39.88 35.4 -39.59 35.49!
CB -39.59 35.49 -38.97 35.78 -40.09 36.69 -40.76 36.48!
CB -40.76 36.48 -41.5 36.23 -41.5 32.87 -40.8 32.87!
CB -40.8 32.87 -40.38 32.87 -40.13 32.5 -40.13 31.88!
CB -40.13 31.88 -40.13 29.64 -39.51 29.35 -39.26 31.42!
CB -39.26 31.42 -39.14 32.54 -39.1 33.66 -39.22 33.87!
PL !
LM -39.22 33.87 170!
PD !
CB 48.22 32.46 48.22 32.67 48.51 32.87 48.84 32.87!
CB 48.84 32.87 49.18 32.87 49.47 33.04 49.47 33.29!
CB 49.47 33.29 49.47 33.5 49.59 33.66 49.8 33.66!
CB 49.8 33.66 51.17 33.45 52.79 33.79 52.79 34.28!
CB 52.79 34.28 52.79 35.24 54.11 35.28 55.4 34.37!
CB 55.4 34.37 57.56 32.79 58.63 34.74 57.14 37.69!
CB 57.14 37.69 56.27 39.39 56.1 40.05 56.48 40.51!
CB 56.48 40.51 56.81 40.92 56.81 41.17 56.35 41.54!
CB 56.35 41.54 55.94 41.88 55.69 41.92 55.48 41.59!
CB 55.48 41.59 54.82 40.51 51.54 42.95 51.54 44.53!
CB 51.54 44.53 51.54 44.95 51.42 45.36 51.25 45.44!
CB 51.25 45.44 50.63 45.82 49.05 44.9 49.05 44.24!
CB 49.05 44.24 49.05 43.83 48.8 43.2 48.47 42.87!
CB 48.47 42.87 48.14 42.5 47.77 41.25 47.68 40.13!
CB 47.68 40.13 47.56 38.97 47.43 38.02 47.43 37.93!
CB 47.43 37.93 47.39 37.89 47.1 37.85 46.77 37.85!
CB 46.77 37.85 46.02 37.85 45.94 36.32 46.65 36.11!
CB 46.65 36.11 46.98 35.99 47.02 35.61 46.69 34.7!
CB 46.69 34.7 46.4 33.87 46.4 33.29 46.73 32.75!
CB 46.73 32.75 47.23 32.0 48.22 31.8 48.22 32.46!
PL !
LM 48.22 32.46 170!
PD !
CB -60.13 36.03 -60.92 37.56 -60.96 38.02 -60.54 38.68!
CB -60.54 38.68 -60.09 39.39 -60.13 39.51 -60.87 39.51!
CB -60.87 39.51 -61.33 39.51 -61.7 39.22 -61.7 38.89!
CB -61.7 38.89 -61.7 38.06 -62.41 38.1 -62.91 38.97!
CB -62.91 38.97 -63.53 40.13 -64.4 39.05 -63.99 37.56!
CB -63.99 37.56 -63.78 36.94 -63.69 36.07 -63.74 35.61!
CB -63.74 35.61 -63.82 35.16 -63.65 34.95 -63.4 35.16!
CB -63.4 35.16 -63.16 35.28 -63.03 35.57 -63.16 35.78!
CB -63.16 35.78 -63.4 36.19 -62.49 36.57 -61.79 36.32!
CB -61.79 36.32 -61.54 36.19 -61.29 35.9 -61.29 35.69!
CB -61.29 35.69 -61.29 35.07 -59.92 33.75 -59.55 33.99!
CB -59.55 33.99 -59.38 34.08 -59.63 34.99 -60.13 36.03!
PL !
LM -60.13 36.03 170!
PD !
CB -60.63 41.75 -60.21 42.08 -59.96 42.5 -60.13 42.66!
CB -60.13 42.66 -60.54 43.04 -62.53 42.17 -62.53 41.59!
CB -62.53 41.59 -62.53 41.0 -61.58 41.09 -60.63 41.75!
PL !
LM -60.63 41.75 170!
PD !
CB -44.12 43.08 -43.2 43.45 -43.29 43.87 -44.41 44.36!
CB -44.41 44.36 -45.32 44.78 -45.36 44.74 -45.19 43.83!
CB -45.19 43.83 -44.99 42.71 -45.03 42.75 -44.12 43.08!
PL !
LM -44.12 43.08 170!
PD !
CB -5.0 47.89 -5.16 49.34 -5.37 52.16 -5.54 54.24!
CB -5.54 54.24 -5.7 56.27 -6.04 58.09 -6.28 58.26!
CB -6.28 58.26 -6.62 58.47 -6.57 58.59 -6.2 58.59!
CB -6.2 58.59 -5.87 58.59 -5.7 59.26 -5.7 60.46!
CB -5.7 60.46 -5.7 62.37 -3.59 63.36 -2.97 61.75!
CB -2.97 61.75 -2.84 61.41 -2.43 61.25 -2.01 61.37!
CB -2.01 61.37 -0.19 61.83 0.52 59.88 -0.93 58.43!
CB -0.93 58.43 -2.09 57.27 -2.3 56.1 -1.35 56.1!
CB -1.35 56.1 -1.02 56.1 -0.73 55.9 -0.73 55.69!
CB -0.73 55.69 -0.73 55.44 -0.89 55.27 -1.14 55.27!
CB -1.14 55.27 -1.35 55.27 -1.56 54.98 -1.56 54.65!
CB -1.56 54.65 -1.56 54.32 -1.35 54.03 -1.1 54.03!
CB -1.1 54.03 -0.81 54.03 -0.77 53.57 -0.93 52.79!
CB -0.93 52.79 -1.22 51.37 -0.85 49.76 -0.27 50.09!
CB -0.27 50.09 -0.06 50.25 0.15 50.09 0.15 49.8!
CB 0.15 49.8 0.19 49.51 0.23 48.97 0.27 48.64!
CB 0.27 48.64 0.39 47.27 1.76 47.68 1.76 49.13!
CB 1.76 49.13 1.76 51.17 0.39 58.18 0.02 58.18!
CB 0.02 58.18 -0.19 58.18 -0.15 58.55 0.1 59.01!
CB 0.1 59.01 0.35 59.46 0.44 60.04 0.31 60.25!
CB 0.31 60.25 0.15 60.5 0.35 60.79 0.68 60.92!
CB 0.68 60.92 1.35 61.16 1.51 62.62 1.1 64.28!
CB 1.1 64.28 0.77 65.4 0.1 65.44 -3.09 64.57!
CB -3.09 64.57 -4.42 64.19 -6.04 63.78 -6.74 63.65!
CB -6.74 63.65 -7.9 63.49 -8.61 62.95 -8.61 62.2!
CB -8.61 62.2 -8.61 61.99 -8.44 61.99 -8.19 62.12!
CB -8.19 62.12 -7.53 62.53 -6.08 60.87 -6.37 60.13!
CB -6.37 60.13 -6.49 59.71 -6.78 59.42 -6.99 59.42!
CB -6.99 59.42 -7.2 59.42 -7.36 59.13 -7.36 58.8!
CB -7.36 58.8 -7.36 58.51 -7.65 58.05 -7.99 57.85!
CB -7.99 57.85 -8.52 57.56 -8.57 57.18 -8.19 55.52!
CB -8.19 55.52 -7.94 54.44 -7.86 53.37 -8.03 53.16!
CB -8.03 53.16 -8.44 52.45 -7.74 49.43 -7.24 49.76!
CB -7.24 49.76 -6.95 49.92 -6.99 49.76 -7.28 49.34!
CB -7.28 49.34 -7.99 48.51 -7.61 47.89 -6.24 47.35!
CB -6.24 47.35 -5.37 47.02 -5.29 46.85 -5.7 46.36!
CB -5.7 46.36 -5.99 46.02 -6.37 45.82 -6.53 45.94!
CB -6.53 45.94 -6.74 46.07 -6.99 45.98 -7.16 45.73!
CB -7.16 45.73 -7.32 45.48 -6.87 45.32 -6.08 45.32!
CB -6.08 45.32 -4.75 45.32 -4.75 45.32 -5.0 47.89!
PL !
LM -5.0 47.89 170!
PD !
CB 7.45 46.44 7.57 46.69 6.82 47.68 5.83 48.64!
CB 5.83 48.64 4.13 50.21 2.59 49.72 4.21 48.1!
CB 4.21 48.1 4.46 47.85 4.67 47.19 4.67 46.65!
CB 4.67 46.65 4.67 45.57 7.11 45.4 7.45 46.44!
PL !
LM 7.45 46.44 170!
PD !
CB 68.13 46.98 68.13 48.64 69.63 48.68 71.2 47.02!
CB 71.2 47.02 73.28 44.86 73.73 45.57 73.69 50.63!
CB 73.69 50.63 73.65 55.07 73.65 55.07 72.03 55.9!
CB 72.03 55.9 71.16 56.35 70.29 56.89 70.12 57.1!
CB 70.12 57.1 69.83 57.51 65.69 58.26 64.03 58.22!
CB 64.03 58.22 62.49 58.18 61.83 57.35 61.99 55.81!
CB 61.99 55.81 62.12 54.69 61.99 54.44 61.41 54.44!
CB 61.41 54.44 61.0 54.44 60.63 54.15 60.63 53.82!
CB 60.63 53.82 60.58 53.49 60.54 52.95 60.5 52.66!
CB 60.5 52.66 60.46 52.37 60.83 52.2 61.37 52.29!
CB 61.37 52.29 62.33 52.41 63.03 51.75 62.33 51.33!
CB 62.33 51.33 61.25 50.67 63.28 49.47 65.48 49.47!
CB 65.48 49.47 66.6 49.47 67.22 48.68 66.47 48.22!
CB 66.47 48.22 66.14 48.01 65.56 48.14 65.06 48.47!
CB 65.06 48.47 64.07 49.09 61.87 48.72 61.62 47.93!
CB 61.62 47.93 61.33 47.14 64.57 45.9 67.01 45.77!
CB 67.01 45.77 68.01 45.73 68.13 45.9 68.13 46.98!
PL !
LM 68.13 46.98 170!
PD !
CB -63.74 49.47 -63.53 49.47 -63.36 50.13 -63.36 50.92!
CB -63.36 50.92 -63.36 51.91 -63.57 52.37 -63.99 52.37!
CB -63.99 52.37 -64.4 52.37 -64.61 51.96 -64.61 50.96!
CB -64.61 50.96 -64.61 50.17 -64.73 49.47 -64.9 49.34!
CB -64.9 49.34 -65.11 49.26 -64.98 49.26 -64.69 49.34!
CB -64.69 49.34 -64.36 49.38 -63.94 49.47 -63.74 49.47!
PL !
LM -63.74 49.47 170!
PD !
CB 58.92 50.46 60.71 50.25 61.08 50.3 61.08 50.84!
CB 61.08 50.84 61.08 51.46 60.58 51.54 57.76 51.54!
CB 57.76 51.54 57.43 51.54 56.77 51.46 56.31 51.37!
CB 56.31 51.37 55.85 51.29 55.4 51.17 55.32 51.17!
CB 55.32 51.17 55.23 51.13 55.4 50.84 55.69 50.5!
CB 55.69 50.5 56.06 50.05 56.31 50.01 56.52 50.3!
CB 56.52 50.3 56.73 50.59 57.56 50.67 58.92 50.46!
PL !
LM 58.92 50.46 170!
PD !
CB -49.88 50.71 -49.47 51.37 -50.09 52.79 -50.75 52.79!
CB -50.75 52.79 -51.42 52.79 -51.46 52.58 -51.08 51.21!
CB -51.08 51.21 -50.79 50.25 -50.3 50.01 -49.88 50.71!
PL !
LM -49.88 50.71 170!
PD !
CB 81.53 60.79 81.28 65.69 81.28 65.69 79.17 68.01!
CB 79.17 68.01 77.18 70.17 74.65 71.87 73.4 71.87!
CB 73.4 71.87 72.36 71.87 69.92 74.89 69.88 76.31!
CB 69.88 76.31 69.79 77.51 69.92 77.67 70.79 77.67!
CB 70.79 77.67 72.53 77.67 72.36 80.49 70.62 80.62!
CB 70.62 80.62 67.39 80.91 66.27 80.25 66.27 78.01!
CB 66.27 78.01 66.27 77.18 66.39 76.35 66.56 76.18!
CB 66.56 76.18 66.72 76.06 66.68 75.6 66.52 75.23!
CB 66.52 75.23 65.69 73.69 65.81 71.24 66.68 71.24!
CB 66.68 71.24 68.09 71.2 69.38 70.25 69.38 69.21!
CB 69.38 69.21 69.38 68.67 69.67 68.13 70.0 67.97!
CB 70.0 67.97 70.87 67.64 70.79 66.14 69.92 65.93!
CB 69.92 65.93 69.34 65.77 69.38 65.73 70.08 65.69!
CB 70.08 65.69 71.0 65.64 73.73 63.45 73.73 62.78!
CB 73.73 62.78 73.73 62.57 74.73 61.62 75.93 60.67!
CB 75.93 60.67 77.09 59.71 78.09 58.68 78.09 58.39!
CB 78.09 58.39 78.09 58.09 78.38 57.64 78.75 57.31!
CB 78.75 57.31 79.08 57.02 79.79 56.02 80.25 55.11!
CB 80.25 55.11 81.49 52.66 81.91 54.4 81.53 60.79!
PL !
LM 81.53 60.79 170!
PD !
CB -51.0 58.51 -51.87 60.83 -52.95 59.88 -52.16 57.51!
CB -52.16 57.51 -51.75 56.23 -51.58 56.1 -51.08 56.6!
CB -51.08 56.6 -50.63 57.06 -50.59 57.43 -51.0 58.51!
PL !
LM -51.0 58.51 170!
PD !
CB -43.95 56.52 -43.7 56.52 -43.45 56.68 -43.45 56.93!
CB -43.45 56.93 -43.45 57.14 -43.83 57.35 -44.28 57.35!
CB -44.28 57.35 -44.74 57.35 -45.11 57.64 -45.11 57.97!
CB -45.11 57.97 -45.11 59.13 -45.86 58.59 -46.02 57.31!
CB -46.02 57.31 -46.19 56.19 -46.11 56.06 -45.36 56.27!
CB -45.36 56.27 -44.86 56.39 -44.24 56.52 -43.95 56.52!
PL !
LM -43.95 56.52 170!
PD !
CB -34.99 59.63 -34.87 59.96 -34.45 60.25 -34.12 60.25!
CB -34.12 60.25 -33.7 60.25 -33.5 60.54 -33.58 60.96!
CB -33.58 60.96 -33.62 61.37 -33.58 61.87 -33.45 62.12!
CB -33.45 62.12 -32.75 63.24 -33.75 64.11 -34.45 62.99!
CB -34.45 62.99 -34.87 62.41 -35.45 61.91 -35.78 61.91!
CB -35.78 61.91 -36.52 61.91 -36.61 61.21 -35.86 60.96!
CB -35.86 60.96 -35.61 60.83 -35.9 60.54 -36.61 60.25!
CB -36.61 60.25 -37.85 59.71 -37.85 59.71 -36.81 59.42!
CB -36.81 59.42 -35.32 58.97 -35.28 58.97 -34.99 59.63!
PL !
LM -34.99 59.63 170!
PD !
CB -51.33 61.7 -51.33 62.04 -51.62 62.33 -51.96 62.33!
CB -51.96 62.33 -52.74 62.33 -52.74 62.74 -51.96 63.9!
CB -51.96 63.9 -51.46 64.61 -51.42 64.98 -51.75 65.64!
CB -51.75 65.64 -52.0 66.1 -52.08 66.64 -52.0 66.85!
CB -52.0 66.85 -51.87 67.05 -52.04 67.76 -52.37 68.38!
CB -52.37 68.38 -52.7 69.05 -52.99 70.62 -52.99 71.91!
CB -52.99 71.91 -52.99 74.81 -53.74 75.6 -56.48 75.68!
CB -56.48 75.68 -59.3 75.72 -59.42 75.52 -58.88 70.54!
CB -58.88 70.54 -58.63 68.17 -58.47 65.69 -58.55 64.98!
CB -58.55 64.98 -58.68 63.65 -58.68 63.65 -56.27 63.45!
CB -56.27 63.45 -53.95 63.24 -52.58 62.53 -52.58 61.54!
CB -52.58 61.54 -52.58 61.29 -52.29 61.08 -51.96 61.08!
CB -51.96 61.08 -51.62 61.08 -51.33 61.37 -51.33 61.7!
PL !
LM -51.33 61.7 170!
PD !
CB 24.49 63.82 24.62 65.56 23.5 66.43 21.22 66.31!
CB 21.22 66.31 19.6 66.23 18.89 62.33 20.55 62.33!
CB 20.55 62.33 21.05 62.33 21.72 62.16 22.05 61.95!
CB 22.05 61.95 23.21 61.21 24.37 62.12 24.49 63.82!
PL !
LM 24.49 63.82 170!
PD !
CB -8.73 65.31 -8.15 66.27 -8.15 67.43 -8.73 68.3!
CB -8.73 68.3 -9.06 68.8 -9.44 69.71 -9.6 70.33!
CB -9.6 70.33 -9.89 71.62 -11.84 72.7 -13.79 72.7!
CB -13.79 72.7 -14.83 72.7 -15.04 72.24 -14.91 70.5!
CB -14.91 70.5 -14.83 69.71 -14.95 69.67 -17.94 69.59!
CB -17.94 69.59 -22.38 69.42 -22.3 69.46 -22.3 68.3!
CB -22.3 68.3 -22.3 65.85 -21.84 65.64 -16.78 65.6!
CB -16.78 65.6 -14.21 65.6 -11.76 65.44 -11.3 65.23!
CB -11.3 65.23 -10.1 64.69 -9.11 64.73 -8.73 65.31!
PL !
LM -8.73 65.31 170!
PD !
CB -37.02 66.47 -35.82 66.47 -35.07 70.87 -36.19 71.29!
CB -36.19 71.29 -36.52 71.45 -36.81 71.74 -36.81 72.03!
CB -36.81 72.03 -36.81 73.44 -40.55 74.31 -43.08 73.44!
CB -43.08 73.44 -44.45 72.99 -45.53 72.45 -45.53 72.28!
CB -45.53 72.28 -45.53 72.07 -45.86 71.83 -46.31 71.66!
CB -46.31 71.66 -47.81 71.2 -46.11 67.3 -44.41 67.3!
CB -44.41 67.3 -43.91 67.3 -43.41 67.47 -43.29 67.68!
CB -43.29 67.68 -42.66 68.67 -40.88 68.42 -40.47 67.26!
CB -40.47 67.26 -40.09 66.14 -38.06 65.35 -37.73 66.14!
CB -37.73 66.14 -37.64 66.35 -37.31 66.47 -37.02 66.47!
PL !
LM -37.02 66.47 170!
PD !
CB 91.69 73.44 91.69 74.27 91.9 75.48 92.15 76.1!
CB 92.15 76.1 92.4 76.8 92.44 77.3 92.19 77.47!
CB 92.19 77.47 91.57 77.84 90.95 77.3 90.95 76.43!
CB 90.95 76.43 90.95 75.97 90.74 74.81 90.45 73.82!
CB 90.45 73.82 89.87 71.58 90.28 70.0 91.16 71.16!
CB 91.16 71.16 91.45 71.58 91.69 72.57 91.69 73.44!
PL !
LM 91.69 73.44 170!
PD !
CB 62.99 76.68 62.57 77.76 58.59 76.6 58.59 75.43!
CB 58.59 75.43 58.59 74.98 59.38 75.19 60.04 75.85!
CB 60.04 75.85 60.75 76.6 62.7 76.01 62.78 75.02!
CB 62.78 75.02 62.82 74.77 62.91 74.89 63.03 75.31!
CB 63.03 75.31 63.16 75.72 63.11 76.35 62.99 76.68!
PL !
LM -23.54 3.42 170!
PD !
CB -23.54 3.42 -24.12 4.25 -24.33 4.87 -24.08 5.21!
CB -24.08 5.21 -23.87 5.5 -23.75 7.03 -23.79 8.65!
CB -23.79 8.65 -23.87 11.55 -23.83 11.59 -22.88 11.39!
CB -22.88 11.39 -21.63 11.18 -21.26 10.6 -21.84 9.89!
CB -21.84 9.89 -22.3 9.35 -22.01 6.33 -21.47 6.33!
CB -21.47 6.33 -21.09 6.33 -20.68 3.42 -20.97 2.68!
CB -20.97 2.68 -21.3 1.76 -22.63 2.14 -23.54 3.42!
PL !
LM -29.93 7.61 170!
PD !
CB -29.93 7.61 -30.26 9.35 -30.26 9.64 -29.76 9.64!
CB -29.76 9.64 -29.51 9.64 -29.35 9.4 -29.35 9.06!
CB -29.35 9.06 -29.35 8.77 -29.06 8.28 -28.73 7.99!
CB -28.73 7.99 -27.85 7.28 -27.94 6.33 -28.89 6.33!
CB -28.89 6.33 -29.43 6.33 -29.72 6.74 -29.93 7.61!
PL !
LM -23.29 12.22 170!
PD !
CB -23.29 12.22 -23.96 14.25 -23.83 16.28 -23.13 16.28!
CB -23.13 16.28 -22.21 16.28 -21.88 15.49 -21.88 13.34!
CB -21.88 13.34 -21.88 11.76 -22.92 10.93 -23.29 12.22!
PL !
LM -23.71 18.56 170!
PD !
CB -23.71 18.56 -24.12 20.18 -23.13 21.8 -22.63 20.43!
CB -22.63 20.43 -22.21 19.31 -22.5 17.53 -23.08 17.53!
CB -23.08 17.53 -23.29 17.53 -23.58 17.98 -23.71 18.56!
PL !
LM -30.09 18.65 170!
PD !
CB -30.09 18.65 -29.89 19.68 -28.93 19.81 -28.93 18.81!
CB -28.93 18.81 -28.93 18.31 -29.18 17.94 -29.6 17.94!
CB -29.6 17.94 -29.97 17.94 -30.18 18.23 -30.09 18.65!
PL !
LM -30.18 21.88 170!
PD !
CB -30.18 21.88 -30.18 22.46 -30.39 23.29 -30.68 23.71!
CB -30.68 23.71 -31.05 24.33 -31.05 24.79 -30.63 25.66!
CB -30.63 25.66 -30.18 26.69 -30.22 26.9 -30.84 27.36!
CB -30.84 27.36 -31.38 27.77 -31.46 28.02 -31.13 28.35!
CB -31.13 28.35 -30.76 28.73 -30.51 28.68 -30.05 28.23!
CB -30.05 28.23 -29.35 27.52 -29.1 21.47 -29.76 21.05!
CB -29.76 21.05 -30.01 20.89 -30.18 21.22 -30.18 21.88!
PL !
LM -31.84 33.16 170!
PD !
CB -31.84 33.16 -31.96 35.61 -32.33 39.3 -32.46 39.51!
CB -32.46 39.51 -32.54 39.64 -32.46 40.01 -32.25 40.34!
CB -32.25 40.34 -31.55 41.5 -30.26 39.59 -30.18 37.23!
CB -30.18 37.23 -30.01 34.16 -30.09 33.75 -30.59 34.53!
CB -30.59 34.53 -30.92 35.03 -31.01 34.99 -31.01 34.24!
CB -31.01 34.24 -31.01 33.41 -31.8 32.38 -31.84 33.16!
PL !
LM -31.71 44.82 170!
PD !
CB -31.71 44.82 -31.84 45.19 -32.04 45.65 -32.13 45.82!
CB -32.13 45.82 -32.21 46.02 -32.0 46.15 -31.67 46.15!
CB -31.67 46.15 -31.3 46.15 -31.05 45.9 -31.09 45.61!
CB -31.09 45.61 -31.17 45.36 -30.97 45.15 -30.68 45.19!
CB -30.68 45.19 -29.97 45.36 -30.05 44.61 -30.8 44.32!
CB -30.8 44.32 -31.21 44.2 -31.55 44.36 -31.71 44.82!
PL !
LM -32.92 47.02 170!
PD !
CB -32.92 47.02 -33.04 47.27 -32.96 47.68 -32.75 47.89!
CB -32.75 47.89 -32.21 48.43 -30.88 47.56 -31.26 46.94!
CB -31.26 46.94 -31.55 46.44 -32.54 46.48 -32.92 47.02!
PL !
LM -32.29 49.13 170!
PD !
CB -32.29 49.13 -32.33 49.43 -32.33 49.92 -32.29 50.17!
CB -32.29 50.17 -32.25 50.46 -32.5 50.71 -32.87 50.71!
CB -32.87 50.71 -33.25 50.71 -33.5 51.08 -33.5 51.75!
CB -33.5 51.75 -33.5 52.58 -33.29 52.79 -32.46 52.79!
CB -32.46 52.79 -31.46 52.79 -31.21 52.29 -31.38 50.79!
CB -31.38 50.79 -31.42 50.5 -31.17 50.17 -30.8 50.05!
CB -30.8 50.05 -30.22 49.8 -30.22 49.72 -30.88 49.22!
CB -30.88 49.22 -31.84 48.51 -32.25 48.51 -32.29 49.13!
PL !
LM 65.15 51.42 170!
PD !
CB 65.15 51.42 64.11 51.67 64.19 52.79 65.23 52.79!
CB 65.23 52.79 65.77 52.79 66.06 52.49 66.06 51.96!
CB 66.06 51.96 66.06 51.5 66.02 51.17 65.98 51.17!
CB 65.98 51.17 65.89 51.21 65.52 51.29 65.15 51.42!
PL !
LM 41.59 -69.71 170!
PD !
CB 41.59 -69.71 41.59 -68.88 43.12 -67.22 43.74 -67.35!
CB 43.74 -67.35 44.16 -67.39 44.57 -67.26 44.74 -67.05!
CB 44.74 -67.05 44.86 -66.85 44.74 -66.68 44.53 -66.68!
CB 44.53 -66.68 43.66 -66.68 44.07 -65.11 45.11 -64.44!
CB 45.11 -64.44 45.86 -63.94 46.15 -63.4 46.15 -62.49!
CB 46.15 -62.49 46.15 -61.54 46.31 -61.29 46.89 -61.37!
CB 46.89 -61.37 47.27 -61.45 47.56 -61.25 47.52 -61.0!
CB 47.52 -61.0 47.43 -60.71 47.35 -60.21 47.31 -59.96!
CB 47.31 -59.96 47.23 -59.67 47.52 -59.46 47.93 -59.55!
CB 47.93 -59.55 48.43 -59.63 48.64 -59.38 48.64 -58.63!
CB 48.64 -58.63 48.64 -58.05 48.84 -57.47 49.05 -57.35!
CB 49.05 -57.35 49.3 -57.18 49.38 -56.93 49.26 -56.73!
CB 49.26 -56.73 49.13 -56.52 49.51 -55.85 50.09 -55.23!
CB 50.09 -55.23 50.67 -54.61 51.04 -54.03 50.96 -53.95!
CB 50.96 -53.95 50.59 -53.57 51.67 -51.29 52.37 -50.92!
CB 52.37 -50.92 52.83 -50.67 53.03 -50.21 52.95 -49.76!
CB 52.95 -49.76 52.66 -48.68 54.53 -46.15 55.56 -46.15!
CB 55.56 -46.15 56.06 -46.15 56.73 -45.82 57.02 -45.4!
CB 57.02 -45.4 57.64 -44.57 66.06 -43.66 66.06 -44.45!
CB 66.06 -44.45 66.06 -44.65 66.43 -44.49 66.89 -44.07!
CB 66.89 -44.07 67.68 -43.37 67.76 -43.37 68.47 -43.99!
CB 68.47 -43.99 69.05 -44.53 69.34 -44.57 69.71 -44.2!
CB 69.71 -44.2 70.04 -43.87 70.21 -43.87 70.21 -44.16!
CB 70.21 -44.16 70.21 -44.41 70.79 -44.7 71.45 -44.78!
CB 71.45 -44.78 72.45 -44.95 72.7 -44.82 72.7 -44.2!
CB 72.7 -44.2 72.7 -43.62 73.03 -43.45 74.36 -43.45!
CB 74.36 -43.45 75.81 -43.45 76.01 -43.58 76.01 -44.41!
CB 76.01 -44.41 76.01 -45.77 79.29 -45.53 79.37 -44.12!
CB 79.37 -44.12 79.42 -43.33 79.46 -43.37 79.87 -44.36!
CB 79.87 -44.36 80.49 -45.98 81.82 -46.19 81.82 -44.7!
CB 81.82 -44.7 81.82 -43.53 82.44 -43.04 83.94 -43.04!
CB 83.94 -43.04 84.48 -43.04 84.64 -43.24 84.44 -43.78!
CB 84.44 -43.78 84.31 -44.16 84.31 -44.36 84.52 -44.2!
CB 84.52 -44.2 84.68 -44.03 85.18 -44.07 85.6 -44.28!
CB 85.6 -44.28 86.14 -44.57 86.51 -44.53 87.01 -44.03!
CB 87.01 -44.03 87.42 -43.58 88.0 -43.45 88.71 -43.62!
CB 88.71 -43.62 89.41 -43.83 89.66 -43.74 89.5 -43.45!
CB 89.5 -43.45 89.37 -43.24 88.75 -43.04 88.13 -43.0!
CB 88.13 -43.0 87.01 -43.0 87.01 -43.0 88.0 -42.58!
CB 88.0 -42.58 88.67 -42.33 89.16 -42.33 89.58 -42.66!
CB 89.58 -42.66 89.99 -43.04 90.28 -43.04 90.62 -42.71!
CB 90.62 -42.71 91.32 -42.0 92.19 -42.08 92.19 -42.83!
CB 92.19 -42.83 92.19 -43.2 92.61 -43.45 93.27 -43.45!
CB 93.27 -43.45 93.85 -43.45 94.23 -43.29 94.06 -43.08!
CB 94.06 -43.08 93.69 -42.46 94.52 -42.17 97.38 -41.92!
LM 100.07 -41.71 150!
LM 99.87 -43.91 150!
CB 99.87 -43.91 99.78 -45.15 99.58 -48.68 99.41 -51.75!
CB 99.41 -51.75 99.29 -54.82 99.12 -58.68 99.04 -60.25!
CB 99.04 -60.25 98.91 -61.87 98.87 -64.69 98.87 -66.6!
LM 98.87 -70.0 150!
LM 70.25 -70.0 150!
CB 70.25 -70.0 54.49 -70.0 41.59 -69.88 41.59 -69.71!
PL !
LM 71.16 -39.64 170!
PD !
CB 71.16 -39.64 70.91 -39.35 70.62 -38.6 70.46 -37.98!
CB 70.46 -37.98 70.08 -36.32 67.84 -34.28 66.52 -34.37!
CB 66.52 -34.37 64.52 -34.53 63.57 -34.33 63.69 -33.83!
CB 63.69 -33.83 63.82 -33.04 65.73 -32.58 66.14 -33.21!
CB 66.14 -33.21 66.35 -33.5 66.47 -33.25 66.47 -32.58!
CB 66.47 -32.58 66.47 -31.75 66.27 -31.42 65.77 -31.42!
CB 65.77 -31.42 64.86 -31.38 62.95 -29.85 63.32 -29.47!
CB 63.32 -29.47 63.45 -29.35 63.57 -29.31 63.57 -29.47!
CB 63.57 -29.47 63.57 -29.6 64.07 -29.43 64.69 -29.14!
CB 64.69 -29.14 65.56 -28.68 65.89 -28.64 66.14 -29.06!
CB 66.14 -29.06 66.68 -29.85 67.64 -28.31 67.39 -27.07!
CB 67.39 -27.07 67.26 -26.28 67.39 -26.03 67.97 -25.99!
CB 67.97 -25.99 68.42 -25.99 69.46 -25.86 70.37 -25.78!
CB 70.37 -25.78 71.7 -25.61 71.91 -25.7 71.74 -26.24!
CB 71.74 -26.24 71.53 -26.65 71.74 -26.86 72.28 -26.86!
CB 72.28 -26.86 72.95 -26.86 73.03 -26.61 72.9 -24.91!
CB 72.9 -24.91 72.86 -23.79 72.9 -22.75 73.07 -22.5!
CB 73.07 -22.5 73.32 -22.09 73.36 -21.8 73.48 -19.31!
CB 73.48 -19.31 73.53 -17.77 73.57 -17.73 75.02 -17.73!
CB 75.02 -17.73 76.22 -17.73 76.47 -17.86 76.26 -18.4!
CB 76.26 -18.4 76.14 -18.77 76.01 -19.39 76.01 -19.85!
CB 76.01 -19.85 76.01 -20.26 75.77 -20.64 75.43 -20.64!
CB 75.43 -20.64 75.06 -20.64 74.85 -21.13 74.85 -22.13!
CB 74.85 -22.13 74.85 -23.0 75.1 -23.71 75.43 -23.83!
CB 75.43 -23.83 75.81 -23.96 76.01 -24.66 76.01 -25.61!
CB 76.01 -25.61 76.01 -26.49 76.22 -27.27 76.51 -27.36!
CB 76.51 -27.36 76.89 -27.48 76.89 -27.61 76.51 -27.85!
CB 76.51 -27.85 76.22 -28.02 76.01 -27.94 76.01 -27.73!
CB 76.01 -27.73 76.01 -27.48 75.85 -27.27 75.6 -27.27!
CB 75.6 -27.27 74.89 -27.27 75.14 -27.9 76.1 -28.48!
CB 76.1 -28.48 76.89 -28.97 77.05 -28.93 77.51 -28.35!
CB 77.51 -28.35 77.84 -27.85 78.09 -27.77 78.3 -28.1!
CB 78.3 -28.1 78.46 -28.35 78.5 -28.64 78.46 -28.68!
CB 78.46 -28.68 77.88 -29.14 74.56 -30.18 73.73 -30.18!
CB 73.73 -30.18 72.7 -30.18 71.91 -31.71 72.49 -32.63!
CB 72.49 -32.63 72.61 -32.87 72.53 -33.41 72.28 -33.87!
CB 72.28 -33.87 72.07 -34.33 72.03 -34.78 72.24 -34.91!
CB 72.24 -34.91 72.45 -35.03 72.7 -35.61 72.78 -36.19!
CB 72.78 -36.19 72.9 -36.73 72.82 -37.11 72.65 -36.98!
CB 72.65 -36.98 72.16 -36.69 72.2 -37.69 72.7 -38.47!
CB 72.7 -38.47 73.36 -39.55 71.95 -40.63 71.16 -39.64!
PL !
LM 4.25 -18.56 170!
PD !
CB 4.25 -18.56 4.25 -17.65 4.46 -16.9 4.67 -16.9!
CB 4.67 -16.9 4.92 -16.9 5.08 -17.61 5.0 -18.56!
CB 5.0 -18.56 4.96 -19.48 4.75 -20.22 4.58 -20.22!
CB 4.58 -20.22 4.42 -20.22 4.25 -19.48 4.25 -18.56!
PL !
LM 15.04 -11.93 170!
PD !
CB 15.04 -11.93 15.04 -11.72 15.29 -11.51 15.62 -11.51!
CB 15.62 -11.51 15.95 -11.51 16.28 -11.3 16.36 -11.1!
CB 16.36 -11.1 16.45 -10.85 16.82 -11.05 17.19 -11.51!
CB 17.19 -11.51 17.9 -12.34 17.9 -12.34 16.49 -12.34!
CB 16.49 -12.34 15.7 -12.34 15.04 -12.17 15.04 -11.93!
PL !
LM 89.7 9.6 170!
PD !
CB 89.7 9.6 89.7 9.85 89.5 10.06 89.25 10.06!
CB 89.25 10.06 89.0 10.06 88.54 10.35 88.21 10.68!
CB 88.21 10.68 87.63 11.22 87.75 11.3 89.04 11.3!
CB 89.04 11.3 90.53 11.3 91.2 10.1 90.12 9.44!
CB 90.12 9.44 89.91 9.31 89.7 9.4 89.7 9.6!
PL !
LM 29.56 11.47 170!
PD !
CB 29.56 11.47 29.56 11.8 29.76 13.05 30.01 14.21!
CB 30.01 14.21 30.34 15.83 30.34 16.45 29.97 16.9!
CB 29.97 16.9 29.56 17.4 29.6 17.53 30.14 17.53!
CB 30.14 17.53 30.51 17.53 30.8 17.4 30.84 17.19!
CB 30.84 17.19 30.84 17.03 30.92 16.53 31.01 16.07!
CB 31.01 16.07 31.63 12.92 31.42 11.1 30.51 10.97!
CB 30.51 10.97 29.89 10.89 29.56 11.05 29.56 11.47!
PL !
LM 64.73 22.42 170!
PD !
CB 64.73 22.42 62.91 23.5 63.36 25.78 65.44 25.86!
CB 65.44 25.86 66.14 25.91 66.1 25.95 65.23 26.2!
CB 65.23 26.2 63.94 26.57 63.99 28.44 65.31 29.85!
CB 65.31 29.85 66.31 30.92 69.05 31.63 69.29 30.84!
CB 69.29 30.84 69.38 30.59 69.71 30.39 70.04 30.39!
CB 70.04 30.39 70.33 30.39 71.62 29.93 72.86 29.35!
CB 72.86 29.35 74.11 28.77 75.35 28.31 75.56 28.31!
CB 75.56 28.31 75.81 28.31 76.01 27.85 76.01 27.36!
CB 76.01 27.36 76.01 26.32 74.89 25.82 71.24 25.16!
LM 69.59 24.87 150!
LM 71.37 24.58 150!
CB 71.37 24.58 73.82 24.2 74.36 23.58 73.11 22.5!
CB 73.11 22.5 71.83 21.38 66.47 21.34 64.73 22.42!
